2 0.4046875 0.48203125 0.04375 0.0453125
2 0.3765625 0.44609375 0.0484375 0.04375
2 0.3671875 0.4828125 0.025 0.0296875
2 0.3453125 0.48984375 0.0234375 0.028125
2 0.32578125 0.48125 0.025 0.025
2 0.2890625 0.4484375 0.040625 0.034375
2 0.25859375 0.25859375 0.03125 0.03125
2 0.43828125 0.484375 0.0234375 0.025
2 0.44765625 0.54140625 0.021875 0.025
2 0.4625 0.7046875 0.025 0.0296875
2 0.61875 0.58125 0.021875 0.025
2 0.47265625 0.353125 0.025 0.0328125
2 0.40625 0.3359375 0.0421875 0.053125
2 0.35546875 0.33359375 0.040625 0.0515625
2 0.3484375 0.2984375 0.01875 0.0203125
0 0.40390625 0.390625 0.046875 0.0328125
2 0.42734375 0.20390625 0.021875 0.03125
2 0.48359375 0.20390625 0.021875 0.03125
2 0.56953125 0.20390625 0.01875 0.03125
2 0.59609375 0.203125 0.0203125 0.03125
2 0.6421875 0.2046875 0.0203125 0.034375
2 0.640625 0.3015625 0.021875 0.034375