2 0.43671875 0.38359375 0.06875 0.06875
2 0.42890625 0.69140625 0.059375 0.046875
2 0.478125 0.48671875 0.0765625 0.059375
2 0.44921875 0.6484375 0.0578125 0.04375
2 0.478125 0.6140625 0.075 0.0640625
2 0.4953125 0.72109375 0.078125 0.0765625
0 0.55078125 0.62734375 0.0796875 0.0625
0 0.49921875 0.39375 0.075 0.05625
5 0.13046875 0.28515625 0.0796875 0.0921875
5 0.1234375 0.44453125 0.08125 0.0875
5 0.1453125 0.13515625 0.084375 0.0875
4 0.16171875 0.19296875 0.046875 0.028125
4 0.15859375 0.225 0.04375 0.0296875
2 0.3390625 0.62109375 0.059375 0.0515625
2 0.32109375 0.66484375 0.059375 0.040625
2 0.19609375 0.76640625 0.13125 0.10625