2 0.4890625 0.4453125 0.065625 0.096875
2 0.484375 0.33359375 0.071875 0.109375
2 0.50390625 0.20390625 0.084375 0.121875
2 0.50625 0.58046875 0.096875 0.121875
2 0.590625 0.6546875 0.05 0.065625
2 0.64453125 0.2640625 0.0515625 0.065625
2 0.94765625 0.259375 0.059375 0.05
2 0.58046875 0.765625 0.065625 0.0875
2 0.4484375 0.78359375 0.040625 0.05625
2 0.3484375 0.44453125 0.071875 0.090625
2 0.3453125 0.33671875 0.0703125 0.0875
2 0.35703125 0.23671875 0.06875 0.1
2 0.42265625 0.42578125 0.059375 0.078125
2 0.41640625 0.33515625 0.059375 0.090625
2 0.43125 0.23671875 0.059375 0.075
2 0.9265625 0.7390625 0.146875 0.24375
3 0.58125 0.21171875 0.0125 0.05
3 0.565625 0.2109375 0.0125 0.053125
3 0.5671875 0.2828125 0.0375 0.015625
3 0.64921875 0.1953125 0.034375 0.0203125
3 0.446875 0.70703125 0.034375 0.0171875
3 0.44765625 0.6890625 0.0375 0.015625
3 0.55 0.67265625 0.0109375 0.05
3 0.53125 0.65078125 0.009375 0.03125
3 0.50703125 0.65546875 0.0125 0.021875
4 0.60625 0.44921875 0.040625 0.025
3 0.60078125 0.2796875 0.015625 0.040625
3 0.35703125 0.56875 0.0140625 0.04375
4 0.75546875 0.71484375 0.078125 0.0375