2 0.41953125 0.66328125 0.05625 0.084375
2 0.52265625 0.35859375 0.0359375 0.0453125
2 0.5046875 0.415625 0.059375 0.071875
2 0.4203125 0.41484375 0.059375 0.078125
2 0.6796875 0.28984375 0.046875 0.05
2 0.61640625 0.6109375 0.0546875 0.075
2 0.55625 0.65625 0.034375 0.053125
2 0.5234375 0.66875 0.03125 0.053125
2 0.49140625 0.65625 0.03125 0.05
2 0.46953125 0.6046875 0.0578125 0.084375
2 0.371875 0.6546875 0.040625 0.053125
2 0.35625 0.74375 0.0421875 0.053125
2 0.3984375 0.19375 0.040625 0.046875
2 0.303125 0.19140625 0.046875 0.0546875
2 0.31796875 0.4375 0.040625 0.05
0 0.43125 0.50234375 0.071875 0.0546875
2 0.0765625 0.79921875 0.05625 0.0609375
2 0.04453125 0.34609375 0.059375 0.053125
2 0.1640625 0.19375 0.05625 0.053125
2 0.1140625 0.1921875 0.0421875 0.053125
2 0.046875 0.19453125 0.065625 0.05625
2 0.00703125 0.18203125 0.0125 0.053125
0 0.8921875 0.43984375 0.075 0.09375