2 0.36640625 0.475 0.071875 0.071875
2 0.69140625 0.4671875 0.05 0.0625
2 0.475 0.51875 0.0625 0.08125
2 0.64609375 0.48828125 0.046875 0.0609375
2 0.61015625 0.51875 0.0671875 0.0796875
2 0.7234375 0.5375 0.08125 0.08125
0 0.62421875 0.5953125 0.0671875 0.084375
0 0.37734375 0.54140625 0.059375 0.078125
5 0.2625 0.15078125 0.096875 0.084375
5 0.43046875 0.14375 0.09375 0.0859375
5 0.10390625 0.1671875 0.09375 0.090625
4 0.16484375 0.18359375 0.03125 0.05
4 0.1984375 0.18046875 0.03125 0.046875
2 0.61796875 0.371875 0.0546875 0.0625
2 0.66328125 0.35234375 0.0421875 0.0625
2 0.771875 0.2203125 0.1125 0.1375