2 0.30859375 0.59140625 0.09375 0.0625
2 0.64609375 0.4765625 0.05 0.040625
2 0.5828125 0.496875 0.0796875 0.065625
2 0.58359375 0.58984375 0.0875 0.065625
2 0.721875 0.30390625 0.05625 0.05
2 0.36640625 0.37265625 0.08125 0.059375
2 0.31640625 0.43984375 0.059375 0.0375
2 0.303125 0.4765625 0.059375 0.034375
2 0.31640625 0.51171875 0.05625 0.034375
2 0.3734375 0.5359375 0.09375 0.0640625
2 0.31796875 0.64296875 0.059375 0.0453125
2 0.21953125 0.6609375 0.059375 0.046875
2 0.828125 0.6140625 0.053125 0.046875
2 0.83125 0.71953125 0.0609375 0.053125
2 0.55859375 0.703125 0.053125 0.04375
0 0.48671875 0.578125 0.0609375 0.08125
2 0.15859375 0.96875 0.06875 0.0625
2 0.659375 0.9859375 0.059375 0.028125
2 0.828125 0.8734375 0.059375 0.0625
2 0.8296875 0.928125 0.0578125 0.046875
2 0.828125 0.9828125 0.0625 0.034375
0 0.55625 0.06875 0.103125 0.084375