2 0.57265625 0.4765625 0.0390625 0.040625
2 0.59765625 0.44453125 0.04375 0.0390625
2 0.60703125 0.47734375 0.0234375 0.028125
2 0.6265625 0.484375 0.021875 0.025
2 0.64453125 0.4765625 0.021875 0.0234375
2 0.678125 0.44609375 0.0375 0.03125
2 0.70625 0.27265625 0.028125 0.0296875
2 0.54140625 0.47890625 0.021875 0.0234375
2 0.53359375 0.53125 0.0203125 0.0234375
2 0.51953125 0.68046875 0.021875 0.028125
2 0.3765625 0.5671875 0.01875 0.021875
2 0.51015625 0.35859375 0.021875 0.0296875
2 0.57109375 0.34296875 0.0390625 0.05
2 0.6171875 0.34140625 0.0375 0.046875
2 0.6234375 0.309375 0.0171875 0.01875
0 0.57265625 0.39296875 0.0421875 0.0296875
2 0.5515625 0.22265625 0.021875 0.028125
2 0.5 0.22265625 0.0203125 0.0296875
2 0.42109375 0.22265625 0.01875 0.028125
2 0.39765625 0.221875 0.01875 0.028125
2 0.35546875 0.2234375 0.01875 0.03125
2 0.35625 0.31171875 0.0203125 0.03125